10000x

6000
.598 .153 .249 
.267 .694 .039 
.144 .117 .738 

.035 .177 .189 .599 
.710 .187 .104 .000 
.099 .426 .315 .160 

.000 .000 1.000 
6000
.694 .039 .267 
.117 .738 .144 
.153 .249 .598 

.710 .187 .104 .000 
.099 .426 .315 .160 
.035 .177 .189 .599 

.000 1.000 .000 




3000

.694 .039 .267 
.117 .738 .144 
.153 .249 .598 

.710 .187 .104 .000 
.099 .426 .315 .160 
.035 .177 .189 .599 

.000 1.000 .000 
3000
.694 .039 .267 
.117 .738 .144 
.153 .249 .598 

.710 .187 .104 .000 
.099 .426 .315 .160 
.035 .177 .189 .599 

.000 1.000 .000 


200
.332 .338 .330 
.339 .333 .328 
.337 .330 .332 

.266 .275 .196 .264 
.258 .261 .230 .252 
.270 .275 .201 .255 

.000 1.000 .000 
200
.697 .028 .275 
.119 .718 .162 
.148 .232 .620 

.706 .187 .104 .004 
.098 .438 .321 .143 
.042 .188 .194 .576 

.000 1.000 .000 





1000x

968
.688 .011 .301 
.098 .807 .095 
.200 .294 .506 

.696 .231 .071 .001 
.068 .417 .281 .234 
.000 .000 .355 .645 

1.000 .000 .000 
1211
.687 .011 .302 
.098 .807 .095 
.201 .294 .505 

.697 .232 .071 .000 
.068 .417 .281 .234 
.000 .000 .355 .645 

1.000 .000 .000 



Question 9

1000x
4000
.666 .023 .289 .022 
.000 .787 .004 .208 
.136 .047 .437 .380 
.359 .153 .000 .489 

.000 .323 .363 .315 
.668 .175 .096 .061 
.433 .565 .002 .000 
.000 .000 .375 .625 

.000 1.000 .000 .000 


8000
.800 .000 .000 .200 
.037 .456 .150 .358 
.027 .257 .694 .022 
.141 .000 .372 .488 

.661 .171 .099 .069 
.480 .520 .000 .000 
.000 .331 .355 .314 
.000 .000 .373 .627 

1.000 .000 .000 .000 


10000x

8000
.704 .009 .032 .255 
.164 .605 .000 .232 
.090 .115 .793 .002 
.148 .022 .222 .609 

.715 .184 .100 .001 
.000 .519 .426 .055 
.164 .333 .229 .273 
.000 .178 .208 .614 

.000 1.000 .000 .000 


12000
.358 .209 .252 .181 
.000 .712 .000 .288 
.206 .002 .646 .146 
.175 .024 .199 .603 

.681 .227 .092 .000 
.721 .171 .107 .000 
.000 .447 .358 .195 
.044 .172 .182 .602 

.000 .000 1.000 .000 

1000x

10088
.694 .027 .022 .257 
.000 .800 .200 .000 
.372 .141 .488 .000 
.150 .037 .358 .456 

.000 .331 .355 .314 
.661 .171 .099 .069 
.000 .000 .373 .627 
.480 .520 .000 .000 

.000 1.000 .000 .000 


4000
.787 .004 .208 .000 
.047 .437 .381 .135 
.153 .000 .489 .358 
.023 .289 .022 .666 

.668 .175 .096 .061 
.432 .566 .002 .000 
.000 .000 .375 .625 
.000 .322 .363 .315 

1.000 .000 .000 .000 



4430
.577 .388 .000 .036 .000 
.263 .279 .367 .000 .091 
.110 .000 .508 .275 .107 
.271 .000 .000 .386 .344 
.000 .298 .702 .000 .000 

.794 .206 .000 .000 
.000 .000 .477 .523 
.000 .000 .443 .557 
.110 .753 .137 .000 
.000 .848 .000 .152 

1.000 .000 .000 .000 .000 

10000
.706 .092 .009 .093 .100 
.249 .550 .005 .073 .123 
.000 .233 .191 .000 .576 
.723 .055 .039 .183 .000 
.000 .231 .065 .069 .635 

.000 .448 .336 .216 
.000 .141 .174 .684 
.000 .000 1.000 .000 
.860 .031 .000 .108 
.792 .208 .000 .000 

1.000 .000 .000 .000 .000 


1000x

2317
.416 .160 .280 .023 .119 .000 
.254 .506 .000 .051 .000 .189 
.000 .136 .000 .127 .195 .542 
.000 .000 .127 .801 .072 .000 
.000 .000 .000 .113 .126 .761 
.288 .362 .271 .078 .000 .000 

.410 .590 .000 .000 
.000 .466 .534 .000 
.000 .000 .000 1.000 
.661 .179 .104 .057 
.000 .049 .951 .000 
.000 .000 .178 .822 

.000 .000 .000 1.000 .000 .000 

1496
.000 .000 .183 .732 .000 .000 .000 .000 .000 .000 .086 .000 
.000 .012 .341 .000 .000 .000 .226 .000 .000 .217 .000 .204 
.000 .181 .734 .000 .000 .021 .000 .000 .000 .063 .000 .000 
.200 .000 .000 .000 .000 .029 .254 .516 .000 .000 .000 .000 
.104 .000 .000 .380 .000 .088 .000 .000 .000 .391 .000 .037 
.000 .000 .000 .000 .000 .000 .000 .391 .000 .000 .609 .000 
.131 .000 .172 .000 .156 .000 .246 .000 .000 .047 .247 .000 
.000 .034 .133 .000 .000 .000 .000 .000 .182 .526 .125 .000 
.229 .000 .000 .000 .000 .015 .441 .000 .144 .000 .000 .170 
.000 .000 .000 .000 .541 .000 .000 .000 .459 .000 .000 .000 
.031 .000 .000 .876 .000 .000 .093 .000 .000 .000 .000 .000 
.000 .000 .000 .000 .229 .142 .000 .000 .600 .030 .000 .000 

.000 .000 1.000 .000 
.000 .000 .000 1.000 
.739 .138 .123 .000 
.176 .824 .000 .000 
.000 .000 .000 1.000 
1.000 .000 .000 .000 
.000 .000 .000 1.000 
.432 .568 .000 .000 
.000 .000 1.000 .000 
.000 .000 .560 .440 
.180 .820 .000 .000 
.000 1.000 .000 .000 

.000 .000 1.000 .000 .000 .000 .000 .000 .000 .000 .000 .000


10000x

10000
.000 .000 .000 .000 .140 .001 .752 .000 .000 .107 .000 
.000 .000 .000 .103 .174 .043 .000 .000 .223 .356 .101 
.000 .000 .386 .000 .130 .309 .000 .000 .000 .175 .000 
.116 .016 .000 .156 .039 .000 .073 .197 .394 .007 .000 
.000 .255 .000 .000 .000 .000 .000 .000 .000 .000 .745 
.668 .114 .047 .000 .011 .105 .000 .000 .017 .000 .039 
.000 .000 .161 .000 .000 .000 .000 .000 .782 .000 .056 
.003 .000 .042 .000 .004 .016 .010 .671 .244 .000 .011 
.000 .000 .000 .308 .005 .047 .064 .323 .223 .030 .000 
.853 .000 .000 .000 .000 .000 .000 .086 .061 .000 .000 
.000 .143 .000 .403 .000 .000 .000 .000 .000 .386 .067 

.904 .011 .040 .045 
.000 1.000 .000 .000 
1.000 .000 .000 .000 
.000 .000 .393 .607 
.867 .000 .133 .000 
.000 1.000 .000 .000 
.536 .123 .054 .287 
.154 .417 .348 .080 
.000 .333 .071 .596 
1.000 .000 .000 .000 
.000 .000 1.000 .000 

.000 .000 .000 .000 .000 .000 .000 .000 .000 .000 1.000 


1000x

8989
.023 .000 .977 .000 .000 .000 .000 .000 
.147 .511 .000 .193 .040 .000 .109 .000 
.000 .337 .305 .203 .055 .100 .000 .000 
.000 .000 .245 .284 .000 .000 .471 .000 
.161 .000 .407 .000 .190 .128 .000 .113 
.262 .065 .000 .000 .529 .000 .000 .143 
.000 .199 .000 .000 .182 .225 .184 .210 
.000 .212 .000 .000 .000 .000 .000 .788 

.000 .000 .203 .797 
.000 .000 .366 .634 
.000 1.000 .000 .000 
.954 .000 .046 .000 
.000 .000 1.000 .000 
.000 .866 .000 .134 
.000 .000 .380 .620 
.757 .169 .074 .000 

.000 .000 .000 1.000 .000 .000 .000 .000 


2787
.000 .035 .000 .216 .465 .284 
.000 .817 .000 .000 .000 .183 
.218 .074 .373 .000 .000 .334 
.000 .056 .000 .660 .184 .101 
.472 .000 .528 .000 .000 .000 
1.000 .000 .000 .000 .000 .000 

.000 .064 .514 .422 
.701 .172 .128 .000 
.347 .653 .000 .000 
.579 .040 .076 .306 
.000 .793 .068 .139 
.000 .000 .404 .596 

.000 .000 .000 1.000 .000 .000 




5304
.640 .360 
.190 .810 

.701 .164 .077 .058 
.000 .293 .321 .386 

1.000 .000 

10000x

861
.852 .148 
.340 .660 

.062 .314 .260 .364 
.730 .168 .091 .012 

1.000 .000 







